image: map_with_border.pgm
resolution: 0.050000
origin: [-16.850000, -16.050000, 0.000000, 0.000000]
negate: 0
occupied_thresh: 0.65
free_thresh: 0.196

